79
 6 6
 1 1 1 1 1 1
 1 0 4 3 0 1
 1 0 0 2 0 1
 1 0 3 0 0 1 
 1 0 4 0 0 1
 1 1 1 1 1 1
 11 19
 0 0 0 0 1 1 1 1 1 0 0 0 0 0 0 0 0 0 0
 0 0 0 0 1 0 0 0 1 0 0 0 0 0 0 0 0 0 0
 0 0 0 0 1 3 0 0 1 0 0 0 0 0 0 0 0 0 0
 0 0 1 1 1 0 0 3 1 1 0 0 0 0 0 0 0 0 0 
 0 0 1 0 0 3 0 3 0 1 0 0 0 0 0 0 0 0 0 
 1 1 1 0 1 0 1 1 0 1 0 0 0 1 1 1 1 1 1
 1 0 0 0 1 0 1 1 0 1 1 1 1 1 0 0 4 4 1
 1 0 3 0 0 3 0 0 0 0 0 0 0 0 0 0 4 4 1
 1 1 1 1 1 0 1 1 1 0 1 2 1 1 0 0 4 4 1
 0 0 0 0 1 0 0 0 0 0 1 1 1 1 1 1 1 1 1
 0 0 0 0 1 1 1 1 1 1 1 0 0 0 0 0 0 0 0 
 10 14
 1 1 1 1 1 1 1 1 1 1 1 1 0 0
 1 4 4 0 0 1 0 0 0 0 0 1 1 1
 1 4 4 0 0 1 0 3 0 0 3 0 0 1
 1 4 4 0 0 1 3 1 1 1 1 0 0 1
 1 4 4 0 0 0 0 2 0 1 1 0 0 1
 1 4 4 0 0 1 0 1 0 0 3 0 1 1
 1 1 1 1 1 1 0 1 1 3 0 3 0 1
 0 0 1 0 3 0 0 3 0 3 0 3 0 1
 0 0 1 0 0 0 0 1 0 0 0 0 0 1
 0 0 1 1 1 1 1 1 1 1 1 1 1 1
 10 17
 0 0 0 0 0 0 0 0 1 1 1 1 1 1 1 1 0
 0 0 0 0 0 0 0 0 1 0 0 0 0 0 2 1 0
 0 0 0 0 0 0 0 0 1 0 3 1 3 0 1 1 0
 0 0 0 0 0 0 0 0 1 0 3 0 0 3 1 0 0
 0 0 0 0 0 0 0 0 1 1 3 0 3 0 1 0 0
 1 1 1 1 1 1 1 1 1 0 3 0 1 0 1 1 1
 1 4 4 4 4 0 0 1 1 0 3 0 0 3 0 0 1
 1 1 4 4 4 0 0 0 0 3 0 0 3 0 0 0 1
 1 4 4 4 4 0 0 1 1 1 1 1 1 1 1 1 1
 1 1 1 1 1 1 1 1 0 0 0 0 0 0 0 0 0
 14 19
 0 0 0 0 0 0 0 0 0 0 0 1 1 1 1 1 1 1 1
 0 0 0 0 0 0 0 0 0 0 0 1 0 0 4 4 4 4 1
 1 1 1 1 1 1 1 1 1 1 1 1 0 0 4 4 4 4 1
 1 0 0 0 0 1 0 0 3 0 3 0 0 0 4 4 4 4 1
 1 0 3 3 3 1 3 0 0 3 0 1 0 0 4 4 4 4 1
 1 0 0 3 0 0 0 0 0 3 0 1 0 0 4 4 4 4 1
 1 0 3 3 0 1 3 0 3 0 3 1 1 1 1 1 1 1 1
 1 0 0 3 0 1 0 0 0 0 0 1 0 0 0 0 0 0 0 
 1 1 0 1 1 1 1 1 1 1 1 1 0 0 0 0 0 0 0
 1 0 0 0 0 1 0 0 0 0 1 1 0 0 0 0 0 0 0
 1 0 0 0 0 0 3 0 0 0 1 1 0 0 0 0 0 0 0
 1 0 0 3 3 1 3 3 0 0 2 1 0 0 0 0 0 0 0
 1 0 0 0 0 1 0 0 0 0 1 1 0 0 0 0 0 0 0
 1 1 1 1 1 1 1 1 1 1 1 0 0 0 0 0 0 0 0
 13 17
 0 0 0 0 0 0 0 0 1 1 1 1 1 0 0 0 0
 0 0 0 0 0 0 0 0 1 0 0 0 1 1 1 1 1
 0 0 0 0 0 0 0 0 1 0 1 3 1 1 0 0 1
 0 0 0 0 0 0 0 0 1 0 0 0 0 0 3 0 1
 1 1 1 1 1 1 1 1 1 0 1 1 1 0 0 0 1
 1 4 4 4 4 0 0 1 1 0 3 0 0 3 1 1 1
 1 4 4 4 4 0 0 0 0 3 0 3 3 0 1 1 0
 1 4 4 4 4 0 0 1 1 3 0 0 3 0 2 1 0
 1 1 1 1 1 1 1 1 1 0 0 3 0 0 1 1 0
 0 0 0 0 0 0 0 0 1 0 3 0 3 0 0 1 0
 0 0 0 0 0 0 0 0 1 1 1 0 1 1 0 1 0
 0 0 0 0 0 0 0 0 0 0 1 0 0 0 0 1 0
 0 0 0 0 0 0 0 0 0 0 1 1 1 1 1 1 0
 11 12
 1 1 1 1 1 1 0 0 1 1 1 0
 1 4 4 0 0 1 0 1 1 2 1 1
 1 4 4 0 0 1 1 1 0 0 0 1
 1 4 4 0 0 0 0 0 3 3 0 1
 1 4 4 0 0 1 0 1 0 3 0 1
 1 4 4 1 1 1 0 1 0 3 0 1
 1 1 1 1 0 3 0 1 3 0 0 1
 0 0 0 1 0 0 3 1 0 3 0 1
 0 0 0 1 0 3 0 0 3 0 0 1
 0 0 0 1 0 0 1 1 0 0 0 1
 0 0 0 1 1 1 1 1 1 1 1 1
 12 13
 0 0 0 0 0 0 1 1 1 1 1 0 0
 0 1 1 1 1 1 1 1 0 0 0 1 1
 1 1 0 1 0 2 1 1 0 3 3 0 1
 1 0 0 0 0 3 0 0 0 0 0 0 1
 1 0 0 3 0 0 1 1 1 0 0 0 1
 1 1 1 0 1 1 1 1 1 3 1 1 1
 1 0 3 0 0 1 1 1 0 4 4 1 0 
 1 0 3 0 3 0 3 0 4 4 4 1 0
 1 0 0 0 0 1 1 1 4 4 4 1 0
 1 0 3 3 0 1 0 1 4 4 4 1 0
 1 0 0 1 1 1 0 1 1 1 1 1 0
 1 1 1 1 0 0 0 0 0 0 0 0 0
 16 16
 0 0 1 1 1 1 0 0 0 0 0 0 0 0 0 0
 0 0 1 0 0 1 1 1 1 1 1 1 1 1 1 1
 0 0 1 0 0 0 0 3 0 0 0 3 0 3 0 1
 0 0 1 0 3 1 0 3 0 1 0 0 3 0 0 1
 0 0 1 0 0 3 0 3 0 0 1 0 0 0 0 1
 1 1 1 0 3 1 0 1 0 0 1 1 1 1 0 1
 1 2 1 3 0 3 0 3 0 0 1 1 0 0 0 1
 1 0 0 0 0 3 0 1 3 1 0 0 0 1 0 1
 1 0 0 0 3 0 0 0 0 3 0 3 0 3 0 1
 1 1 1 1 1 0 0 1 1 1 1 1 1 1 1 1
 0 0 1 0 0 0 0 0 0 1 0 0 0 0 0 0  
 0 0 1 0 0 0 0 0 0 1 0 0 0 0 0 0
 0 0 1 4 4 4 4 4 4 1 0 0 0 0 0 0
 0 0 1 4 4 4 4 4 4 1 0 0 0 0 0 0
 0 0 1 4 4 4 4 4 4 1 0 0 0 0 0 0
 0 0 1 1 1 1 1 1 1 1 0 0 0 0 0 0
 14 17
 0 0 0 0 0 0 0 0 0 0 1 1 1 1 1 1 1
 0 0 0 0 0 0 0 0 0 0 1 0 0 4 4 4 1
 0 0 0 0 0 0 1 1 1 1 1 0 0 4 4 4 1
 0 0 0 0 0 0 1 0 0 0 0 0 0 4 0 4 1
 0 0 0 0 0 0 1 0 0 1 1 0 0 4 4 4 1
 0 0 0 0 0 0 1 1 0 1 1 0 0 4 4 4 1
 0 0 0 0 0 1 1 1 0 1 1 1 1 1 1 1 1
 0 0 0 0 0 1 0 3 3 3 0 1 1 0 0 0 0
 0 1 1 1 1 1 0 0 3 0 3 0 1 1 1 1 1
 1 1 0 0 0 1 3 0 3 0 0 0 1 0 0 0 1
 1 2 0 3 0 0 3 0 0 0 0 3 0 0 3 0 1
 1 1 1 1 1 1 0 3 3 0 3 0 1 1 1 1 1
 0 0 0 0 0 1 0 0 0 0 0 0 1 0 0 0 0
 0 0 0 0 0 1 1 1 1 1 1 1 1 0 0 0 0
 16 19
 0 1 1 1 0 0 1 1 1 1 1 1 1 1 1 1 1 1 1
 1 1 2 1 1 1 1 0 0 0 0 0 0 0 1 0 0 0 1
 1 0 3 3 0 0 0 3 3 0 0 3 0 3 0 4 4 4 1
 1 0 0 3 3 3 1 0 0 0 0 3 0 0 1 4 4 4 1
 1 0 3 0 0 0 1 0 3 3 0 3 3 0 1 4 4 4 1
 1 1 1 0 0 0 1 0 0 3 0 0 0 0 1 4 4 4 1
 1 0 0 0 0 0 1 0 3 0 3 0 3 0 1 4 4 4 1
 1 0 0 0 0 1 1 1 1 1 1 0 1 1 1 4 4 4 1
 1 1 0 1 0 0 1 0 0 3 0 3 0 0 1 4 4 4 1
 1 0 0 1 1 0 1 0 3 3 0 3 0 3 1 1 4 4 1
 1 0 4 4 1 0 1 0 0 3 0 0 0 0 0 0 1 4 1
 1 0 4 4 1 0 1 0 3 3 3 0 3 3 3 0 1 4 1
 1 1 1 1 1 0 1 0 0 0 0 0 0 0 1 0 1 4 1
 0 0 0 0 1 0 1 1 1 1 1 1 1 1 1 0 1 4 1
 0 0 0 0 1 0 0 0 0 0 0 0 0 0 0 0 1 4 1
 0 0 0 0 1 1 1 1 1 1 1 1 1 1 1 1 1 1 1
 15 19
 0 0 0 0 0 0 0 0 0 1 1 1 1 0 0 0 0 0 0
 0 0 0 0 0 1 1 1 1 0 1 0 0 1 0 0 0 0 0
 0 0 0 1 1 1 0 2 1 1 1 3 0 1 0 0 0 0 0
 0 0 1 1 0 0 0 0 0 0 3 0 0 1 0 0 0 0 0
 0 1 1 0 0 3 0 3 3 1 1 0 1 1 0 0 0 0 0
 0 1 0 0 1 3 1 1 0 0 0 0 0 1 0 0 0 0 0
 0 1 0 1 0 3 0 3 3 0 1 0 1 1 1 0 0 0 0
 0 1 0 0 0 3 0 1 0 0 1 0 3 0 1 1 1 1 1
 1 1 1 1 0 0 0 0 1 0 0 3 3 0 1 0 0 0 1
 1 1 1 1 0 1 1 0 3 0 0 0 0 0 0 0 0 0 1
 1 4 0 0 0 0 1 1 1 0 0 1 1 1 1 1 1 1 1
 1 4 4 0 4 4 1 0 1 1 1 1 0 0 0 0 0 0 0
 1 4 4 4 1 4 1 0 0 0 0 0 0 0 0 0 0 0 0
 1 4 4 4 4 4 1 0 0 0 0 0 0 0 0 0 0 0 0
 1 1 1 1 1 1 1 0 0 0 0 0 0 0 0 0 0 0 0
 13 17
 1 1 1 1 1 1 1 1 1 1 1 1 1 1 1 1 0
 1 0 0 0 0 0 0 0 0 0 0 0 0 0 0 1 0
 1 0 1 0 1 1 1 1 1 1 0 0 0 0 0 1 0
 1 0 1 0 0 3 0 3 0 3 0 3 1 0 0 1 0
 1 0 1 0 0 0 3 2 3 0 0 0 1 1 0 1 1
 1 0 1 0 0 3 0 3 0 3 1 1 1 4 4 4 1
 1 0 1 0 0 0 3 0 3 0 0 1 1 4 4 4 1
 1 0 1 1 1 3 3 3 0 3 0 1 1 4 4 4 1
 1 0 0 0 0 0 1 0 1 1 0 1 1 4 4 4 1
 1 1 1 1 1 0 0 0 1 1 0 1 1 4 4 4 1
 0 0 0 0 1 1 1 1 1 0 0 0 0 0 1 1 1
 0 0 0 0 0 0 0 0 1 0 0 0 0 0 1 0 0
 0 0 0 0 0 0 0 0 1 1 1 1 1 1 1 0 0
 13 19
 0 0 1 1 1 1 1 1 1 1 1 0 0 0 0 0 0 0 0
 0 0 1 1 0 0 0 1 1 0 0 1 1 1 1 1 0 0 0
 1 1 1 0 0 0 0 0 1 0 0 1 0 0 0 0 1 1 1
 1 0 0 3 0 1 3 0 1 0 0 1 0 0 4 4 4 0 1
 1 0 1 0 3 1 2 3 1 1 0 1 0 1 4 1 4 0 1
 1 0 0 1 0 1 3 0 0 1 0 0 0 0 4 0 4 0 1
 1 0 3 0 0 0 0 3 0 1 0 1 0 1 4 1 4 0 1
 1 0 0 0 1 1 0 0 1 1 3 0 3 0 4 0 4 0 1
 1 0 3 0 1 0 0 0 1 0 0 1 3 1 4 1 4 0 1
 1 1 0 3 0 0 3 0 0 0 3 0 0 3 4 4 4 0 1
 0 1 3 0 1 1 1 1 1 1 0 0 0 0 1 1 0 0 1
 0 1 0 0 1 0 0 0 0 1 1 1 1 1 1 1 1 1 1
 0 1 1 1 1 0 0 0 0 0 0 0 0 0 0 0 0 0 0 
 16 18
 0 0 0 0 0 0 1 1 1 1 1 1 1 0 0 0 0 0 
 0 1 1 1 1 1 1 1 0 0 0 0 0 1 0 0 0 0
 0 1 0 0 0 0 0 1 0 3 2 3 0 1 0 0 0 0
 0 1 3 3 0 1 0 0 0 1 1 1 1 1 1 1 1 1
 0 1 0 1 1 1 4 4 4 4 4 4 1 1 0 0 0 1
 0 1 0 0 0 3 4 4 4 4 4 4 1 1 0 1 0 1
 0 1 0 1 1 1 4 4 4 4 4 4 0 0 0 0 0 1
 1 1 0 0 0 1 1 1 1 0 1 1 1 0 1 3 1 1
 1 0 0 1 3 0 0 0 1 0 0 3 0 0 1 0 1 0
 1 0 0 3 0 3 3 3 0 0 1 0 3 1 1 0 1 0
 1 0 0 0 3 0 3 0 1 1 1 3 3 0 1 0 1 0
 1 1 1 1 1 0 0 0 0 0 3 0 0 0 1 0 1 0
 0 0 0 0 1 1 1 0 1 1 1 0 0 0 1 0 1 0
 0 0 0 0 0 0 1 0 0 0 0 0 1 0 0 0 1 0
 0 0 0 0 0 0 1 1 1 1 1 1 1 1 0 0 1 0
 0 0 0 0 0 0 0 0 0 0 0 0 0 1 1 1 1 0
 14 16
 0 0 0 1 1 1 1 1 1 1 1 1 1 0 0 0
 0 0 0 1 4 4 0 0 1 0 0 0 1 0 0 0
 0 0 0 1 4 4 0 0 0 0 0 0 1 0 0 0
 0 0 0 1 4 4 0 0 1 0 0 1 1 1 1 0
 0 0 1 1 1 1 1 1 1 0 0 1 0 0 1 1
 0 0 1 0 0 0 0 0 0 0 0 0 0 0 0 1
 0 0 1 0 0 1 0 0 1 1 0 0 1 0 0 1
 1 1 1 1 0 1 1 0 0 1 1 1 1 0 1 1
 1 0 0 3 0 0 1 1 1 1 1 0 1 0 0 1
 1 0 1 0 3 0 0 3 0 0 1 0 3 0 0 1
 1 0 2 3 0 0 3 0 0 0 1 0 0 0 1 1
 1 1 1 1 0 1 1 0 1 1 1 1 1 1 1 0
 0 0 0 1 0 0 0 0 1 0 0 0 0 0 0 0
 0 0 0 1 1 1 1 1 1 0 0 0 0 0 0 0
 13 19
 0 0 0 0 0 1 1 1 1 1 1 1 1 1 1 1 0 0 0
 0 0 0 0 0 1 0 0 4 0 0 1 0 0 0 1 0 0 0
 0 0 0 0 0 1 0 1 4 0 0 0 0 2 0 1 0 0 0
 0 1 1 1 1 1 0 1 1 4 4 1 0 1 1 1 1 0 0
 1 1 0 0 1 0 4 4 1 1 1 0 0 0 0 0 1 1 1
 1 0 3 0 1 4 4 4 0 0 0 3 0 1 0 0 3 0 1
 1 0 0 0 0 4 4 0 1 1 0 0 1 1 0 1 1 0 1
 1 1 1 1 3 1 1 3 1 0 3 0 1 0 0 0 1 0 1
 0 0 1 1 0 1 0 0 0 0 1 3 0 3 3 0 1 0 1
 0 0 1 0 0 3 0 1 0 1 0 0 1 0 3 1 1 0 1
 0 0 1 0 0 0 0 0 0 0 0 0 0 0 0 0 0 0 1
 0 0 1 0 0 1 1 1 1 1 1 1 1 1 1 1 0 0 1
 0 0 1 1 1 1 0 0 0 0 0 0 0 0 0 1 1 1 1
 16 19
 0 1 1 1 1 1 1 0 0 0 0 0 0 0 0 0 0 0 0
 0 0 1 0 0 0 2 1 1 1 1 0 0 0 0 0 0 0 0
 1 1 1 1 1 0 3 0 0 0 1 0 0 0 0 0 0 0 0
 1 0 0 0 1 1 0 0 0 0 1 1 1 1 0 0 0 0 0
 1 0 3 0 1 0 0 1 1 0 0 0 0 1 0 0 0 0 0 
 1 0 3 0 1 0 0 1 1 1 1 1 0 1 0 0 0 0 0
 1 1 0 3 0 0 3 0 0 0 0 1 0 1 0 0 0 0 0
 1 1 0 3 0 3 0 1 1 1 0 1 0 1 0 0 0 0 0
 1 1 0 1 0 0 3 0 0 1 0 1 0 1 0 0 0 0 0
 1 1 0 1 0 1 3 1 0 0 0 1 0 1 0 0 0 0 0
 1 1 0 1 1 1 0 0 0 1 0 1 0 1 1 1 1 1 1
 1 0 0 3 0 0 1 1 1 1 0 1 0 1 4 4 4 4 1
 1 0 0 0 0 3 0 0 0 0 3 0 0 0 4 4 1 4 1
 1 1 1 1 3 0 0 3 1 0 3 0 0 0 4 4 4 4 1
 1 0 0 0 0 0 0 0 1 0 0 1 1 0 4 4 4 4 1
 1 1 1 1 1 1 1 1 1 1 1 1 1 1 1 1 1 1 1
 16 19
 0 0 0 0 1 1 1 1 1 1 1 1 1 1 0 0 0 0 0
 1 1 1 1 1 0 0 0 0 0 0 0 0 1 1 1 1 0 0 
 1 0 0 0 0 0 1 0 0 0 3 0 0 1 2 0 1 0 0
 1 0 1 1 1 1 1 1 1 3 1 1 1 1 0 0 1 1 1
 1 0 1 0 0 0 0 1 1 0 1 0 0 1 3 0 4 4 1
 1 0 1 0 3 0 0 0 0 0 1 0 0 1 0 0 1 4 1
 1 0 1 0 3 0 0 1 0 0 0 0 0 1 3 0 4 4 1
 1 0 1 0 0 1 1 1 0 1 1 0 0 0 0 0 1 4 1
 1 0 1 1 1 0 0 1 0 0 1 0 0 1 3 0 4 4 1
 1 0 1 0 0 0 0 1 0 0 1 1 1 1 0 0 1 4 1
 1 0 1 3 0 0 0 3 0 0 3 0 0 1 3 0 4 4 1
 1 0 0 0 0 3 0 1 0 3 0 3 0 1 0 0 1 4 1
 1 1 1 1 0 3 1 1 1 0 0 0 0 1 3 0 4 4 1
 0 0 0 1 0 0 0 0 3 3 0 1 1 1 4 4 4 4 1
 0 0 0 1 0 0 0 0 0 0 1 1 0 1 1 1 1 1 1
 0 0 0 1 1 1 1 1 1 1 1 0 0 0 0 0 0 0 0
 15 15
 1 1 1 1 1 1 1 1 1 0 0 0 0 0 0 
 1 0 0 0 0 0 0 0 1 0 0 0 0 0 0
 1 0 0 0 0 0 0 0 1 1 1 1 0 0 0
 1 1 0 1 1 1 1 0 1 0 0 1 0 0 0
 1 1 0 1 2 1 1 0 0 0 0 1 0 0 0
 1 0 3 3 3 0 3 0 0 3 3 1 0 0 0
 1 0 0 1 0 1 1 0 3 0 0 1 0 0 0
 1 0 0 1 0 1 1 0 0 3 0 1 1 1 1
 1 1 1 1 0 0 3 3 3 0 3 1 0 0 1
 0 1 0 0 0 1 1 0 0 0 4 4 4 4 1
 0 1 0 1 0 0 0 1 0 1 4 4 0 4 1
 0 1 0 0 0 1 0 1 0 1 1 4 4 4 1
 0 1 1 1 1 1 0 3 0 0 1 4 4 4 1
 0 0 0 0 0 1 1 0 0 0 1 1 1 1 1
 0 0 0 0 0 0 1 1 1 1 1 0 0 0 0 
 16 19
 1 1 1 1 1 1 0 0 0 0 0 1 1 1 1 0 0 0 0
 1 0 0 0 0 1 1 1 1 1 1 1 0 0 1 1 1 1 1
 1 0 0 0 3 1 0 0 1 0 0 3 0 0 1 0 0 0 1
 1 0 0 3 0 0 3 0 0 3 0 1 0 3 0 3 0 0 1
 1 1 3 0 3 0 0 0 1 0 2 1 0 3 0 0 0 0 1
 1 0 0 3 0 1 1 1 1 1 1 1 1 1 1 1 0 1 1
 1 0 1 0 0 0 1 4 4 4 4 4 4 4 1 0 3 1 0
 1 0 1 1 0 0 1 0 4 4 4 4 4 4 1 0 0 1 0 
 1 0 1 0 0 0 3 4 4 4 4 4 4 4 4 3 0 1 0
 1 0 1 0 3 0 1 4 4 4 4 0 4 4 1 0 0 1 0
 1 0 0 3 0 3 1 1 1 1 3 1 1 1 1 0 3 1 0
 1 0 3 0 0 0 1 1 1 0 3 0 0 0 3 0 0 1 1
 1 0 3 0 0 0 0 0 3 0 3 0 0 3 0 0 0 0 1
 1 1 0 1 1 1 1 1 1 0 3 0 1 1 1 1 1 0 1
 1 0 0 0 0 0 0 0 0 0 1 0 0 0 0 0 0 0 1
 1 1 1 1 1 1 1 1 1 1 1 1 1 1 1 1 1 1 1
 14 19
 0 0 0 0 1 1 1 1 1 1 1 0 0 0 0 0 0 0 0
 0 0 0 0 1 0 0 1 0 0 1 1 1 1 0 0 0 0 0
 1 1 1 1 1 0 3 1 3 0 1 0 0 1 1 0 0 0 0
 1 4 4 0 1 0 0 1 0 0 1 0 0 0 1 0 0 0 0
 1 4 4 0 1 0 3 1 3 0 1 0 0 3 1 1 1 1 0
 1 4 0 0 1 0 0 0 0 0 1 3 0 0 1 0 0 1 0
 1 4 4 0 0 0 3 1 0 0 1 0 3 0 0 0 0 1 0
 1 4 4 2 1 0 0 1 3 0 1 3 0 0 1 0 0 1 0
 1 4 4 0 1 0 3 1 0 0 0 0 0 3 1 0 0 1 0
 1 4 4 0 1 0 0 1 3 3 1 3 0 0 1 0 0 1 1
 1 4 4 0 1 0 3 1 0 0 1 0 0 3 1 3 0 0 1
 1 4 4 0 1 0 0 1 0 0 1 0 0 0 1 0 0 0 1
 1 1 4 0 1 1 1 1 0 0 1 1 1 1 1 0 0 0 1
 0 1 1 1 1 0 0 1 1 1 1 0 0 0 1 1 1 1 1
 16 19
 1 1 1 1 1 1 1 1 1 1 1 1 1 1 1 0 0 0 0
 1 4 4 4 4 4 4 4 4 4 4 0 0 4 1 1 1 1 0
 1 4 4 4 4 4 4 4 4 4 4 3 3 4 1 0 0 1 0
 1 1 1 1 1 1 1 1 1 1 1 3 0 1 0 0 0 1 1
 1 0 0 0 0 0 0 3 0 0 3 0 0 0 0 0 3 0 1
 1 1 0 1 1 1 1 0 0 0 1 0 0 3 0 1 0 0 1
 1 0 0 0 0 0 0 1 0 0 0 1 1 0 0 1 0 1 1
 1 0 0 3 1 0 0 1 0 1 1 0 0 1 1 1 0 1 1
 1 0 3 0 1 3 1 1 1 0 0 0 0 1 1 1 0 1 1
 1 1 1 0 0 3 0 1 0 0 1 0 0 1 1 1 0 1 1
 1 1 1 0 0 0 0 3 0 1 1 0 1 0 0 1 0 1 1
 0 1 0 3 0 0 1 0 0 3 0 0 3 0 3 0 0 0 1
 0 1 0 0 3 0 0 3 1 3 3 3 0 0 1 0 0 0 1
 0 1 0 0 1 0 0 3 0 0 0 0 0 0 1 1 1 1 1
 0 1 0 2 1 1 0 0 1 0 0 1 0 0 1 0 0 0 0
 0 1 1 1 1 1 1 1 1 1 1 1 1 1 1 0 0 0 0
 16 19
 1 1 1 1 0 0 0 0 0 0 0 0 0 0 0 0 0 0 0
 1 0 0 1 1 1 1 1 1 1 1 1 1 1 1 1 1 0 0 
 1 0 0 1 0 0 0 4 4 1 4 4 4 4 4 4 1 0 0
 1 0 0 1 0 1 0 1 1 1 1 1 0 4 4 4 1 0 0
 1 1 3 1 0 0 0 0 4 4 4 4 4 4 4 4 1 0 0
 1 0 0 0 1 1 3 1 1 1 1 1 1 0 0 1 1 1 1
 1 0 3 0 1 0 0 0 0 0 1 1 1 1 1 1 2 0 1
 1 1 3 0 1 0 3 0 0 0 1 1 1 1 1 1 0 0 1
 1 0 0 3 0 1 3 3 3 1 1 0 0 0 0 0 0 0 1
 1 0 0 0 0 0 0 1 0 0 0 0 1 3 1 3 1 1 1
 1 0 1 1 1 1 0 1 3 3 3 3 3 0 0 0 0 1 0
 1 0 1 0 0 0 0 3 0 0 0 0 0 1 0 0 0 1 0
 1 0 1 0 0 0 1 1 0 0 0 0 0 0 0 0 1 1 1
 1 0 1 1 1 1 1 1 3 1 1 1 1 1 1 0 3 0 1
 1 0 0 0 0 0 0 0 0 1 0 0 0 0 1 0 0 0 1
 1 1 1 1 1 1 1 1 1 1 0 0 0 0 1 1 1 1 1
 12 15
 0 1 1 1 1 1 1 0 0 0 0 0 0 0 0
 0 1 0 0 1 0 0 1 1 1 1 1 0 0 0
 1 1 0 0 1 0 0 1 4 4 4 1 1 1 0
 1 0 0 3 1 0 0 1 4 4 4 0 0 1 0
 1 0 3 0 1 3 3 0 4 4 4 0 0 1 0
 1 0 0 3 1 0 0 1 4 4 4 0 4 1 0
 1 0 0 0 1 0 3 1 1 1 1 1 1 1 1
 1 1 3 0 0 0 0 0 0 0 3 0 3 0 1
 1 1 0 0 1 0 0 3 3 0 1 0 0 0 1
 0 1 1 1 1 1 1 0 0 1 1 3 3 2 1
 0 0 0 0 0 0 1 0 0 0 0 0 0 1 1
 0 0 0 0 0 0 1 1 1 1 1 1 1 1 0
 13 19
 0 1 1 1 1 1 1 1 1 1 1 1 1 1 1 1 1 1 0
 0 1 4 4 4 0 0 0 1 0 0 0 0 1 0 0 0 1 1
 1 1 4 4 4 4 4 0 0 3 1 1 0 1 0 1 3 0 1
 1 4 4 4 4 4 4 1 0 0 3 0 0 1 0 0 0 0 1
 1 4 4 4 4 4 4 1 0 0 1 0 0 1 0 1 0 0 1
 1 1 1 1 1 1 1 1 1 0 3 0 0 3 0 3 0 0 1
 0 0 1 0 0 0 0 0 1 3 1 1 3 0 1 1 3 1 1
 0 1 1 0 0 0 3 0 0 0 0 1 0 3 0 0 0 0 1
 0 1 0 0 1 1 0 1 1 1 0 1 0 0 1 1 3 0 1
 0 1 0 3 0 3 3 0 0 0 0 0 3 0 0 3 0 0 1
 0 1 0 3 0 0 0 0 3 1 1 3 0 1 1 1 1 1 1
 0 1 1 1 1 1 1 1 0 0 2 0 1 1 0 0 0 0 0
 0 0 0 0 0 0 0 1 1 1 1 1 1 0 0 0 0 0 0
 15 17
 0 0 0 0 0 0 0 0 0 1 1 1 1 1 0 0 0
 0 0 0 0 0 1 1 1 1 1 0 0 0 1 0 0 0
 0 0 0 0 1 1 0 3 0 0 3 0 0 1 1 1 1
 1 1 1 1 1 0 3 0 0 3 0 3 0 1 1 4 1
 1 0 0 0 0 0 0 0 3 3 0 0 1 1 4 4 1
 1 0 0 1 1 1 1 1 1 0 1 1 1 4 4 0 1
 1 1 0 1 0 0 1 0 0 0 0 1 4 4 4 0 1
 1 0 3 0 0 0 1 0 0 0 0 1 4 4 4 0 1
 1 2 0 1 3 0 1 1 0 1 1 1 1 4 4 4 1
 1 1 1 1 0 0 3 0 3 3 0 0 1 1 4 4 1
 0 0 0 1 1 0 0 3 0 3 0 0 3 4 4 4 1
 0 0 0 0 1 0 3 3 0 0 3 0 1 0 0 4 1
 0 0 0 0 1 0 0 0 3 0 3 0 0 1 1 1 1
 0 0 0 0 1 1 1 1 1 1 0 0 0 1 0 0 0
 0 0 0 0 0 0 0 0 0 1 1 1 1 1 0 0 0
 14 19
 0 1 1 1 1 1 1 1 1 1 1 1 0 0 0 0 0 0 0
 0 0 0 0 0 0 0 1 0 0 0 1 0 0 0 0 0 1 0 
 1 1 1 1 1 0 0 1 0 0 0 0 0 3 0 3 0 1 0 
 1 0 0 0 1 1 1 1 1 0 3 1 1 0 1 0 1 1 0 
 0 1 0 3 0 1 1 0 0 0 1 0 1 1 0 3 0 0 1
 1 0 3 0 0 2 3 3 0 1 0 1 1 3 3 3 0 1 0
 1 1 0 1 1 1 0 0 0 1 0 1 1 0 0 0 0 1 0
 1 1 0 1 0 0 0 1 1 1 0 1 1 1 1 1 3 1 0
 1 1 0 1 0 0 0 0 0 3 0 0 1 4 4 4 4 1 0
 1 0 0 1 1 1 0 1 1 0 3 0 1 4 4 4 4 1 1
 1 0 3 0 0 0 3 0 1 0 0 0 1 4 4 3 4 0 1
 1 0 0 1 1 0 3 0 1 0 0 1 1 4 4 4 4 0 1
 1 1 1 1 1 0 0 0 1 1 1 1 1 1 4 4 4 1 1
 0 0 0 0 1 1 1 1 1 0 0 0 0 1 1 1 1 1 1
 16 18
 0 0 1 1 1 1 0 0 0 0 0 0 0 0 0 0 0 0
 0 0 1 0 0 1 1 1 1 1 1 1 1 1 0 0 0 0
 0 1 1 0 0 1 1 0 0 1 0 0 0 1 0 0 0 0
 0 1 0 0 3 1 0 3 2 3 0 0 0 1 1 1 1 0
 0 1 3 0 0 3 0 0 1 0 3 0 3 1 0 0 1 1
 1 1 0 0 3 1 1 0 1 3 0 3 0 0 0 0 0 1
 1 0 0 1 0 0 1 0 1 0 0 0 3 3 3 0 0 1
 1 0 3 0 0 0 0 3 0 0 3 1 1 0 1 1 1 1
 1 0 3 0 3 0 1 3 1 0 0 1 0 0 1 0 0 0
 1 1 0 0 1 1 1 0 0 1 1 1 3 0 1 0 0 0 
 0 1 0 0 1 4 4 4 4 0 0 0 0 0 1 0 0 0 
 0 1 1 1 1 4 4 4 4 4 4 1 1 1 1 0 0 0 
 0 0 0 1 4 4 4 4 1 1 1 1 0 0 0 0 0 0 
 0 0 0 1 4 4 4 1 1 0 0 0 0 0 0 0 0 0
 0 0 0 1 4 4 4 1 0 0 0 0 0 0 0 0 0 0 
 0 0 0 1 1 1 1 1 0 0 0 0 0 0 0 0 0 0
 15 13
 0 0 0 0 0 0 1 1 1 1 0 0 0 
 0 0 1 1 1 1 1 0 0 1 0 0 0
 0 1 1 0 0 0 0 0 3 1 0 0 0
 1 1 0 3 0 0 1 1 0 1 1 1 0
 1 2 3 0 3 0 1 0 3 0 0 1 0 
 1 1 1 1 0 1 1 0 0 0 3 1 0 
 0 1 4 4 4 4 1 3 0 3 0 1 0 
 0 1 4 4 4 4 1 0 0 0 3 1 0
 0 1 4 4 4 4 0 0 3 3 0 1 1
 0 1 4 4 4 0 1 0 3 0 0 0 1
 0 1 1 1 1 1 1 3 0 3 0 0 1
 0 0 0 0 0 0 1 0 0 0 1 1 1
 0 0 0 0 0 0 1 3 0 1 1 1 0
 0 0 0 0 0 0 1 0 0 1 0 0 0 
 0 0 0 0 0 0 1 1 1 1 0 0 0 
 15 12
 1 1 1 1 1 1 1 1 1 1 1 1
 1 1 0 0 0 0 0 1 1 0 0 1
 1 1 0 0 0 3 0 0 0 3 0 1
 1 1 1 1 0 1 1 0 3 3 0 1
 1 0 0 0 3 0 1 0 0 0 0 1
 1 0 3 3 3 0 1 0 1 1 1 1
 1 0 0 0 1 0 1 0 3 0 1 1
 1 0 0 1 0 0 1 0 0 3 0 1
 1 0 3 1 0 3 1 0 0 0 0 1
 1 0 0 0 4 4 1 0 1 1 1 1
 1 1 1 1 4 4 0 3 0 1 2 1
 1 4 4 4 4 4 1 0 3 1 0 1
 1 1 4 4 4 4 1 0 0 3 0 1
 1 1 1 4 4 1 1 0 0 0 0 1
 1 1 1 1 1 1 1 1 1 1 1 1
 15 14
 0 1 1 1 1 1 1 1 1 1 0 0 0 0
 0 1 4 4 4 4 0 0 0 1 1 0 0 0
 0 1 4 1 4 1 0 0 3 0 1 1 0 0
 1 1 4 4 4 4 1 0 1 0 2 1 1 0
 1 0 4 4 4 4 1 0 0 1 0 0 1 1
 1 0 0 0 0 0 1 3 0 1 1 3 0 1
 1 1 0 1 1 1 0 0 3 0 0 0 0 1
 0 1 3 0 0 3 0 3 0 3 1 0 0 1
 0 1 0 1 0 0 3 0 3 0 1 1 0 1
 0 1 0 0 1 1 1 0 0 1 1 0 0 1
 0 1 0 0 0 0 1 1 0 1 1 0 1 1
 0 1 0 0 3 0 1 0 0 3 0 0 1 0
 0 1 1 1 3 0 3 0 0 0 1 1 1 0
 0 0 0 1 0 0 1 1 1 1 1 0 0 0
 0 0 0 1 1 1 1 0 0 0 0 0 0 0
 16 19
 1 1 1 1 1 1 1 1 1 1 1 1 0 1 1 1 1 1 1
 1 0 0 0 1 0 0 0 0 1 0 1 1 1 4 4 4 4 1
 1 0 0 0 3 3 1 0 0 0 2 0 0 4 4 4 4 4 1
 1 0 0 0 1 0 1 1 1 0 0 0 1 0 4 4 4 4 1
 1 1 0 1 1 0 1 1 1 0 0 1 0 0 4 4 4 4 1
 0 1 0 3 0 3 0 0 0 0 0 1 0 1 0 1 1 1 1
 0 1 0 0 3 0 3 1 1 0 0 1 0 0 0 0 0 0 1
 1 1 1 1 0 1 0 0 1 1 1 1 0 1 0 1 1 0 1
 1 0 0 1 0 1 3 0 0 0 1 1 0 1 0 0 0 0 1
 1 0 3 0 0 3 0 0 1 0 1 1 0 1 0 0 0 1 1
 1 0 1 0 3 0 3 0 0 0 0 1 0 1 0 0 0 1 0
 1 0 0 3 0 1 1 0 1 1 0 1 0 1 1 1 1 1 0
 1 0 3 3 0 0 0 0 0 3 3 0 0 1 0 0 0 0 0
 1 1 0 1 1 0 1 1 1 0 3 0 0 1 0 0 0 0 0
 0 1 0 0 0 0 1 0 1 0 0 0 0 1 0 0 0 0 0
 0 1 1 1 1 1 1 0 1 1 1 1 1 1 0 0 0 0 0
 16 19 
 0 0 0 0 0 0 0 0 0 0 0 0 1 1 1 1 1 0 0
 1 1 1 1 1 0 0 1 1 1 1 1 1 0 0 0 1 0 0
 1 0 0 0 1 1 1 1 0 0 3 0 3 0 3 0 1 0 0
 1 0 3 0 0 0 1 1 0 1 1 0 1 1 0 0 1 1 0
 1 0 0 0 3 0 3 0 0 0 0 0 3 0 0 3 0 1 0
 1 1 1 0 3 0 0 1 1 0 1 1 0 0 0 0 0 1 1
 0 0 1 0 1 1 1 1 1 0 1 1 1 1 1 3 3 0 1
 0 1 1 3 1 1 1 1 1 0 2 1 1 0 0 0 0 0 1
 0 1 0 3 0 0 1 1 1 3 1 1 1 0 3 0 0 1 1
 0 1 0 3 0 0 1 0 0 0 1 1 1 0 0 1 1 1 0
 0 1 0 3 3 0 3 0 1 0 0 0 3 3 0 1 0 0 0
 0 1 0 0 0 0 0 1 0 0 0 1 1 0 0 1 0 0 0
 0 1 1 1 1 1 1 1 4 4 0 4 1 1 1 0 0 0 0
 0 0 0 0 1 4 4 4 4 4 4 4 4 4 1 0 0 0 0
 0 0 0 0 1 4 4 4 4 4 4 4 4 4 1 0 0 0 0
 0 0 0 0 1 1 1 1 1 1 1 1 1 1 1 0 0 0 0
 15 19
 1 1 1 1 1 1 1 1 1 1 1 0 0 0 0 0 0 0 0
 1 4 4 4 4 4 4 0 0 0 1 1 1 1 1 1 1 1 1
 1 4 4 4 4 4 4 0 0 0 1 0 0 1 1 0 0 0 1
 1 4 4 1 1 1 0 3 0 0 0 0 3 0 0 0 0 0 1
 1 4 4 4 0 3 0 3 0 1 0 0 0 1 1 0 0 0 1
 1 4 4 4 1 3 1 1 1 1 1 0 0 0 0 1 0 0 1
 1 1 1 0 0 0 0 1 0 0 0 1 3 0 0 1 3 0 1
 0 0 1 0 0 3 3 0 3 0 3 0 0 3 1 1 0 0 1
 0 0 1 0 0 3 0 0 0 1 3 1 3 0 1 1 3 0 1
 0 0 1 1 1 0 1 1 0 1 0 0 0 0 1 1 0 0 1
 0 0 0 1 0 0 3 0 3 0 1 1 0 1 1 1 1 1 1
 0 0 0 1 0 0 0 0 3 0 0 3 0 0 1 0 0 0 0
 0 0 0 1 1 0 0 0 1 0 1 0 0 0 1 0 0 0 0
 0 0 0 0 1 1 1 1 1 2 1 1 1 1 1 0 0 0 0
 0 0 0 0 0 0 0 0 1 1 1 0 0 0 0 0 0 0 0
 11 11
 0 0 0 0 0 0 1 1 1 1 0
 1 1 1 1 1 1 1 0 2 1 0
 1 0 0 0 0 0 3 0 0 1 0
 1 0 0 0 3 1 1 0 3 1 0
 1 1 3 1 4 4 4 1 0 1 0
 0 1 0 3 4 4 4 0 0 1 0
 0 1 0 1 4 0 4 1 0 1 1
 0 1 0 0 0 1 0 1 3 0 1
 0 1 3 0 0 3 0 0 0 0 1
 0 1 0 0 1 1 1 1 1 1 1
 0 1 1 1 1 0 0 0 0 0 0
 16 19
 0 0 0 0 0 0 0 0 0 0 0 0 0 1 1 1 1 1 1
 0 1 1 1 1 1 1 1 1 1 1 1 1 1 4 4 4 4 1
 1 1 0 0 0 1 1 0 0 0 0 0 1 1 4 4 4 4 1
 1 0 0 3 3 1 1 0 0 3 0 2 1 1 4 4 4 4 1
 1 0 0 0 0 0 0 3 3 0 3 1 0 0 4 4 4 4 1
 1 0 0 3 0 1 1 0 3 3 0 1 0 1 0 4 4 4 1
 1 0 0 3 0 1 1 0 3 0 0 1 0 0 4 4 4 4 1
 1 1 0 1 1 1 1 1 0 1 1 1 0 1 1 4 1 1 1
 1 1 0 0 0 3 0 0 3 0 1 1 0 0 0 4 0 0 1
 1 0 3 1 1 1 0 0 1 0 1 1 1 1 1 0 1 1 1
 1 0 0 0 3 0 0 0 1 0 0 0 0 0 0 0 1 0 0
 1 0 0 3 0 1 3 0 3 0 3 1 1 1 0 0 1 0 0
 1 0 3 3 3 1 0 3 0 0 0 1 0 1 1 1 1 0 0
 1 0 0 0 0 1 0 0 3 3 0 1 0 0 0 0 0 0 0
 1 1 1 1 1 1 0 0 0 1 1 1 0 0 0 0 0 0 0
 0 0 0 0 0 1 1 1 1 1 0 0 0 0 0 0 0 0 0
 16 17
 0 0 0 1 1 1 1 1 1 1 1 1 1 1 1 0 0
 0 0 0 0 1 0 0 0 0 0 0 0 0 0 0 1 1
 0 0 0 0 1 0 0 1 0 1 3 3 0 3 0 0 1
 0 0 0 0 1 3 0 1 3 1 0 0 1 1 0 2 1
 0 0 0 1 1 0 1 1 0 1 0 3 0 1 0 1 1
 0 0 0 1 0 0 0 3 0 1 3 0 0 1 0 1 0
 0 0 0 1 0 0 0 1 0 3 0 0 0 1 0 1 0
 0 0 0 1 1 0 3 0 3 0 0 0 1 1 0 1 0
 0 0 0 1 0 0 1 0 0 1 1 0 0 3 0 1 0
 0 0 0 1 0 0 0 0 1 1 0 3 3 1 0 1 0
 1 1 1 1 1 1 3 3 0 0 0 1 0 0 0 1 0
 1 4 4 4 4 1 0 0 1 1 1 1 1 1 1 1 0
 1 4 1 4 4 4 0 1 1 0 0 0 0 0 0 0 0
 1 4 4 4 4 0 0 0 1 0 0 0 0 0 0 0 0
 1 4 4 4 4 0 0 0 1 0 0 0 0 0 0 0 0
 1 1 1 1 1 1 1 1 1 0 0 0 0 0 0 0 0
 15 19
 0 0 0 0 0 0 0 0 0 0 0 1 1 1 1 1 0 0 0
 0 0 0 0 0 0 0 0 0 0 1 1 0 0 0 1 1 0 0
 0 0 0 0 0 0 0 0 0 1 1 0 0 0 0 0 1 0 0
 0 0 0 0 0 0 0 0 1 1 0 0 3 3 0 0 1 0 0
 0 0 0 0 0 0 0 1 1 0 3 3 0 0 3 0 1 0 0
 0 0 0 0 0 0 0 1 0 3 0 0 0 0 3 0 1 0 0
 1 1 1 1 0 0 0 1 0 0 0 3 3 0 1 1 1 1 1
 1 0 0 1 1 1 1 1 1 1 1 0 1 1 0 0 0 0 1
 1 4 0 0 0 0 0 0 0 0 0 0 0 0 3 3 3 2 1
 1 4 1 0 1 1 1 1 1 1 1 0 1 1 0 0 0 1 1
 1 4 1 0 1 1 1 1 1 1 1 4 0 1 3 0 3 1 1
 1 4 4 4 4 4 4 4 4 4 4 4 0 1 0 0 0 0 1
 1 1 1 1 1 1 1 1 1 1 1 1 1 1 0 0 3 0 1
 0 0 0 0 0 0 0 0 0 0 0 0 0 1 1 0 0 1 1
 0 0 0 0 0 0 0 0 0 0 0 0 0 0 1 1 1 1 0
 13 18
 0 0 0 0 0 1 1 1 1 1 1 1 1 0 0 0 0 0
 0 0 1 1 1 1 0 0 0 0 0 0 1 1 1 1 1 1
 0 0 1 0 0 0 0 1 1 0 3 0 3 0 0 0 2 1
 0 0 1 0 1 1 0 1 1 3 1 3 0 3 0 3 1 1
 1 1 1 0 4 4 4 4 4 4 1 0 0 3 3 0 1 1
 1 0 0 0 4 4 4 4 4 4 1 0 0 1 0 0 0 1
 1 0 1 0 4 4 4 4 4 4 1 3 0 0 3 0 0 1
 1 0 1 3 4 4 4 4 4 4 0 3 3 1 0 3 0 1
 1 0 0 0 1 1 1 0 1 1 1 3 0 0 3 0 1 1
 1 1 1 0 0 3 0 0 3 0 0 3 0 0 3 0 1 0
 0 0 1 0 0 3 0 0 3 0 0 3 0 0 3 0 1 0
 0 0 1 1 1 1 1 1 0 0 0 1 1 1 1 1 1 0
 0 0 0 0 0 0 0 1 1 1 1 1 0 0 0 0 0 0
 11 19
 0 0 0 0 0 0 0 1 1 1 1 1 1 1 0 0 0 0 0
 0 0 0 0 1 1 1 1 1 0 0 1 0 0 1 1 1 1 0
 0 0 0 0 1 0 0 0 1 0 0 0 3 0 0 0 0 1 0
 0 1 1 1 1 0 1 3 3 0 1 1 0 1 1 0 0 1 0
 1 1 0 0 0 0 0 0 1 0 1 0 0 1 1 0 1 1 1
 1 0 0 1 1 1 0 3 1 3 0 0 3 0 0 3 0 0 1
 1 4 4 4 0 0 0 0 1 0 1 1 0 0 1 0 0 0 1
 1 4 4 4 1 0 0 0 0 2 0 1 0 1 1 1 0 1 1
 1 4 4 4 1 0 0 1 1 1 0 0 3 0 0 3 0 0 1
 1 1 1 1 1 1 1 1 0 1 1 0 0 0 1 0 0 0 1
 0 0 0 0 0 0 0 0 0 0 1 1 1 1 1 1 1 1 1
 15 19
 0 1 1 1 1 1 0 0 0 0 0 0 0 0 0 0 0 0 0
 0 1 0 0 0 1 0 0 0 0 0 0 0 0 0 0 0 0 0
 0 1 0 1 0 1 1 1 1 1 1 1 0 0 0 0 0 0 0
 0 1 0 0 0 0 0 0 3 2 1 1 1 1 1 1 0 0 0
 0 1 0 3 0 1 1 3 0 1 1 1 0 0 0 1 0 0 0
 0 1 0 1 1 1 1 0 3 0 0 0 0 3 0 1 0 0 0
 0 1 0 1 1 1 1 1 0 1 0 0 1 3 0 1 1 1 1
 1 1 0 0 1 1 1 1 0 1 1 3 0 0 0 0 0 0 1
 1 0 0 3 1 0 0 3 0 0 1 0 1 1 0 1 1 0 1
 1 0 0 0 0 0 0 0 0 0 1 0 1 4 4 4 1 0 1
 1 1 1 1 1 1 0 0 1 1 1 0 0 4 4 4 0 0 1
 0 0 0 0 0 1 1 1 1 0 1 0 1 4 4 4 1 0 1
 0 0 0 0 0 0 0 0 0 0 1 0 1 1 1 0 1 0 1
 0 0 0 0 0 0 0 0 0 0 1 0 0 0 0 0 0 0 1
 0 0 0 0 0 0 0 0 0 0 1 1 1 1 1 1 1 1 1
 14 16
 1 1 1 1 1 0 1 1 1 1 0 0 0 0 0 0
 1 4 4 4 1 0 1 0 0 1 1 1 1 0 0 0
 1 4 4 4 1 1 1 0 0 3 0 0 1 0 0 0
 1 4 4 4 4 1 1 0 3 0 0 3 1 1 1 0
 1 1 4 4 4 4 1 1 0 0 0 3 0 0 1 0
 1 1 1 4 4 4 0 1 1 0 3 0 3 0 1 0
 1 0 1 1 0 0 0 0 1 0 0 3 0 0 1 0
 1 0 0 1 1 0 1 0 1 1 1 0 1 1 1 1
 1 0 3 0 1 0 1 3 0 0 3 0 0 0 0 1
 1 0 0 3 0 2 0 3 0 0 0 0 3 0 0 1
 1 0 0 0 1 0 3 0 3 3 0 3 0 1 1 1
 1 0 0 1 1 1 1 1 1 0 0 1 1 1 0 0
 1 0 1 1 0 0 0 0 1 1 1 1 0 0 0 0
 1 1 1 0 0 0 0 0 0 0 0 0 0 0 0 0
 16 14
 1 1 1 1 1 1 1 1 1 1 0 0 0 0 
 1 0 0 0 0 0 0 0 0 1 1 1 1 0
 1 0 1 1 1 1 1 1 0 1 0 0 1 1
 1 0 1 0 3 0 3 0 3 0 0 3 0 1
 1 0 0 0 0 0 0 0 1 3 0 0 0 1
 1 1 1 3 0 0 3 3 1 0 0 1 1 1
 0 0 1 0 0 1 1 0 1 0 3 1 1 0
 0 0 1 1 3 1 0 0 0 3 0 2 1 0
 0 0 0 1 0 0 3 0 3 0 1 1 1 0
 0 0 0 1 0 1 0 0 0 3 0 0 1 0
 0 0 0 1 0 1 1 0 0 0 1 0 1 0
 0 0 1 1 0 0 1 1 1 1 1 0 1 0
 0 0 1 0 0 0 0 0 0 0 0 0 1 0
 0 0 1 4 4 4 4 4 4 4 1 1 1 0
 0 0 1 4 4 4 4 4 4 4 1 0 0 0
 0 0 1 1 1 1 1 1 1 1 1 0 0 0
 11 18
 0 0 0 0 0 0 0 0 0 1 1 1 1 0 0 0 0 0
 0 1 1 1 1 1 1 1 1 1 0 0 1 1 0 0 0 0
 1 1 0 0 3 0 0 0 0 0 0 3 0 1 1 1 1 1
 1 0 0 0 1 1 0 1 1 0 0 0 1 1 4 4 4 1
 1 0 1 3 3 0 3 0 3 3 1 3 1 1 4 4 4 1
 1 0 1 0 0 0 2 0 0 0 1 0 0 0 4 4 4 1
 1 0 0 3 1 0 1 1 1 3 3 0 0 0 4 4 4 1
 1 0 3 0 0 3 3 0 0 3 0 1 1 4 4 4 4 1
 1 1 1 3 0 0 0 0 0 0 0 1 1 1 1 1 1 1
 0 0 1 0 0 1 1 1 1 1 1 1 0 0 0 0 0 0
 0 0 1 1 1 1 0 0 0 0 0 0 0 0 0 0 0 0
 11 18
 0 0 0 0 0 0 0 0 0 1 1 1 1 0 0 0 0 0
 0 1 1 1 1 1 1 1 1 1 0 0 1 1 0 0 0 0
 1 1 0 0 3 0 0 0 0 0 0 3 0 1 1 1 1 1
 1 0 0 0 1 1 0 1 1 0 0 0 1 1 4 4 4 1
 1 0 1 3 3 0 3 0 3 3 1 3 1 1 4 4 4 1
 1 0 1 0 0 0 2 0 0 0 1 0 0 0 4 4 4 1
 1 0 0 3 1 0 1 1 1 3 3 0 0 0 4 4 4 1
 1 0 3 0 0 3 3 0 0 3 0 1 1 4 4 4 4 1
 1 1 1 3 0 0 0 0 0 0 0 1 1 1 1 1 1 1
 0 0 1 0 0 1 1 1 1 1 1 1 0 0 0 0 0 0
 0 0 1 1 1 1 0 0 0 0 0 0 0 0 0 0 0 0
 12 14
 0 1 1 1 1 1 1 1 1 1 0 0 0 0
 0 1 0 0 0 0 0 0 0 1 0 0 0 0
 0 1 0 3 0 3 3 0 3 1 0 0 0 0
 1 1 1 0 1 0 0 3 0 1 0 0 0 0
 1 4 1 0 0 0 3 3 0 1 1 0 0 0
 1 4 1 1 1 0 0 0 3 0 1 0 0 0
 1 4 1 4 0 3 0 1 1 0 1 1 1 1
 1 4 4 4 0 0 3 1 1 0 3 0 0 1
 1 4 4 4 3 0 0 0 3 0 0 0 0 1
 1 4 4 1 1 1 3 1 1 1 0 1 2 1
 1 4 4 1 0 1 0 0 0 0 0 1 1 1
 1 1 1 1 0 1 1 1 1 1 1 1 0 0
 12 20
 1 1 1 1 1 1 1 1 1 1 1 1 1 1 1 1 1 1 0 0
 1 0 0 0 0 0 0 0 0 0 0 0 0 0 0 0 0 1 1 0
 1 0 3 1 0 0 0 3 0 1 1 0 0 3 0 0 0 0 1 0
 1 0 0 0 0 3 1 1 1 0 0 0 0 1 0 3 3 0 1 0
 1 4 1 1 1 0 0 0 0 0 3 0 3 0 1 1 0 0 1 1
 1 4 4 4 1 0 0 1 0 0 1 0 0 0 0 1 3 0 0 1
 1 4 4 1 1 3 3 1 1 1 1 0 3 0 0 1 0 0 0 1
 1 4 4 4 1 0 0 0 0 0 0 3 0 1 1 0 0 1 1 1
 1 4 4 4 3 0 0 1 1 1 0 0 1 0 0 0 0 1 0 1
 1 1 4 4 0 0 3 1 0 0 1 1 0 0 0 1 1 2 0 1
 0 1 1 4 1 0 0 0 0 0 0 0 0 0 0 0 0 0 0 1
 0 0 1 1 1 1 1 1 1 1 1 1 1 1 1 1 1 1 1 1
 12 20
 1 1 1 1 1 1 1 1 1 1 1 1 1 1 1 1 1 1 1 1
 1 0 0 0 1 0 0 0 0 1 0 0 0 1 0 0 0 1 2 1
 1 0 3 0 0 0 0 0 0 3 0 0 0 3 0 0 0 1 0 1
 1 1 0 1 1 1 4 4 1 1 0 1 1 1 0 0 0 0 0 1
 1 0 0 0 1 4 4 4 4 1 3 1 0 0 3 1 1 1 0 1
 1 0 3 0 1 4 4 4 4 1 0 0 3 0 0 3 0 3 0 1
 1 0 0 0 1 4 4 4 4 1 0 1 0 1 0 3 0 3 0 1
 1 0 0 0 1 1 4 4 1 1 0 0 0 1 3 1 0 0 0 1
 1 1 3 1 1 0 0 0 0 1 1 0 0 1 0 0 1 3 1 1
 1 0 0 0 3 0 0 3 0 0 0 0 0 1 0 0 1 0 0 1
 1 0 0 0 1 0 0 0 0 1 0 0 0 1 0 0 0 0 0 1
 1 1 1 1 1 1 1 1 1 1 1 1 1 1 1 1 1 1 1 1
 12 20
 1 1 1 1 1 1 1 1 1 1 1 1 1 1 1 1 1 1 1 1
 1 0 0 0 0 2 1 1 0 0 0 0 0 0 1 0 0 0 1 1
 1 0 0 0 0 1 1 0 0 0 0 3 0 0 0 0 3 0 1 1
 1 0 0 1 1 1 4 4 4 4 1 0 1 0 1 0 0 1 1 1
 1 0 0 0 1 4 4 4 4 1 0 1 0 1 0 3 0 0 0 1
 1 1 1 0 1 4 4 4 1 0 0 1 0 0 0 0 0 0 0 1
 1 1 0 0 1 1 4 1 0 0 0 0 0 3 0 0 0 3 0 1
 1 1 0 0 3 0 3 0 1 1 1 0 0 1 0 1 0 1 1 1
 1 1 0 3 0 0 0 0 0 0 0 1 0 1 0 3 0 0 0 1
 1 1 1 1 0 3 0 0 3 1 0 1 0 1 0 1 0 3 0 1
 1 1 1 1 0 0 0 0 0 0 0 0 0 1 0 1 0 0 1 1
 1 1 1 1 1 1 1 1 1 1 1 1 1 1 1 1 1 1 1 1
 12 20
 1 1 1 1 1 1 1 1 1 1 1 1 1 1 1 1 1 1 1 1
 1 0 0 1 0 0 1 1 0 0 0 0 1 0 0 0 2 1 1 1
 1 1 0 0 0 0 3 0 0 0 0 1 0 3 1 1 1 0 0 1
 1 1 3 1 0 3 0 1 1 3 1 0 3 0 3 0 0 0 0 1
 1 0 0 0 3 1 0 0 0 0 3 0 0 0 0 0 0 1 1 1
 1 0 1 1 0 0 0 3 0 1 1 1 0 0 1 4 4 4 4 1
 1 0 1 0 3 1 0 1 0 1 0 1 0 1 4 4 4 4 1 1
 1 0 0 0 0 3 0 3 0 1 0 0 1 4 4 4 4 1 1 1
 1 1 3 0 1 1 1 0 0 3 0 1 4 4 4 4 1 1 1 1
 1 0 0 1 0 3 0 0 0 0 0 0 0 0 1 1 1 1 1 1
 1 0 0 0 0 0 0 1 0 1 0 0 0 0 1 1 1 1 1 1
 1 1 1 1 1 1 1 1 1 1 1 1 1 1 1 1 1 1 1 1
 12 20
 1 1 1 1 1 1 1 1 1 1 1 1 1 1 1 1 1 1 1 1
 1 2 0 0 0 0 0 1 1 1 0 0 0 1 0 0 1 0 0 1
 1 0 1 0 1 0 0 1 0 0 3 0 0 3 0 0 0 0 0 1
 1 1 1 1 1 0 0 0 0 0 1 0 3 0 3 1 3 1 0 1
 1 4 1 4 4 1 0 0 0 0 1 1 3 0 3 0 0 0 0 1
 1 4 4 4 4 4 0 0 0 0 3 0 0 0 1 0 0 0 1 1
 1 4 4 4 4 4 0 0 0 0 1 1 1 3 1 1 3 1 1 1
 1 4 1 4 4 1 0 0 0 0 3 0 0 0 0 1 0 0 0 1
 1 1 1 1 1 0 0 0 0 0 1 0 0 1 3 0 0 3 0 1
 1 1 1 1 1 0 0 1 0 0 3 0 0 0 0 3 0 3 0 1
 1 1 1 1 1 0 0 1 0 0 1 0 0 1 0 0 1 0 0 1
 1 1 1 1 1 1 1 1 1 1 1 1 1 1 1 1 1 1 1 1
 12 20
 1 1 1 1 1 1 1 1 1 1 1 1 1 1 1 1 1 1 1 1
 1 1 4 4 4 0 0 0 1 1 0 1 0 0 0 0 1 0 0 1
 1 4 4 4 4 0 0 0 0 0 0 0 0 0 3 0 1 1 0 1
 1 4 4 4 4 1 0 1 0 1 3 1 1 1 3 0 0 0 0 1
 1 4 4 4 1 0 0 0 0 1 0 0 0 0 0 0 0 1 0 1
 1 1 4 1 0 0 1 3 0 1 0 0 0 0 0 3 1 1 0 1
 1 0 0 1 0 0 1 0 3 0 3 0 1 1 1 0 0 3 0 1
 1 0 0 0 0 0 3 0 0 3 0 1 0 0 1 0 1 1 0 1
 1 1 0 1 0 1 1 0 1 3 3 1 0 3 1 0 0 1 0 1
 1 0 0 1 0 0 0 3 0 3 0 1 0 0 0 0 0 0 1 1
 1 0 0 0 0 1 0 0 0 0 0 1 0 0 1 0 0 0 2 1
 1 1 1 1 1 1 1 1 1 1 1 1 1 1 1 1 1 1 1 1
 12 20
 1 1 1 1 1 1 1 1 1 1 1 1 1 1 1 1 1 1 1 1
 1 0 0 0 0 0 1 1 1 4 4 1 1 1 0 0 0 0 0 1
 1 0 3 3 0 0 1 1 1 4 4 1 1 1 0 0 3 2 0 1
 1 0 0 1 0 1 1 4 4 4 4 4 4 1 0 0 3 0 0 1
 1 0 0 0 0 0 1 4 4 4 4 4 4 1 0 0 3 0 0 1
 1 1 1 1 0 0 1 1 1 4 4 1 1 1 1 1 1 3 0 1
 1 0 0 0 3 3 3 0 1 4 4 1 0 0 0 0 1 0 0 1
 1 0 3 1 0 0 0 3 0 0 3 0 0 3 3 0 1 3 0 1
 1 0 0 1 0 0 1 1 0 3 0 0 1 1 0 0 1 0 0 1
 1 0 3 0 0 0 0 3 0 1 1 0 3 0 0 0 0 3 0 1
 1 0 0 1 0 0 1 1 0 0 0 0 1 1 0 0 1 0 0 1
 1 1 1 1 1 1 1 1 1 1 1 1 1 1 1 1 1 1 1 1
 12 20
 1 1 1 1 1 1 1 1 1 1 1 1 1 1 1 1 1 1 1 1
 1 0 0 0 0 1 0 0 1 0 1 0 0 1 0 0 1 0 0 1
 1 0 2 1 0 1 0 1 1 0 3 0 0 0 3 0 0 0 1 1
 1 1 1 1 0 1 0 0 0 0 1 0 0 1 0 3 0 0 0 1
 1 0 0 0 0 1 0 1 1 0 1 3 0 1 1 0 1 1 0 1
 1 0 0 0 0 0 0 3 0 0 0 3 0 0 0 3 0 0 0 1
 1 4 4 1 1 1 3 3 1 1 0 3 1 1 3 0 1 1 0 1
 1 4 4 1 4 1 0 0 1 0 3 0 0 0 3 0 1 0 0 1
 1 4 4 4 4 1 0 3 3 0 0 0 1 1 3 0 1 1 1 1
 1 4 4 4 4 1 0 0 1 1 1 1 1 0 0 0 0 0 0 1
 1 4 4 4 1 1 1 0 0 0 0 0 0 0 0 1 1 0 0 1
 1 1 1 1 1 1 1 1 1 1 1 1 1 1 1 1 1 1 1 1
 12 20
 1 1 1 1 1 1 1 1 1 1 1 1 1 1 1 1 1 1 1 1
 1 4 4 4 4 1 0 0 0 0 0 0 0 1 0 0 1 0 0 1
 1 4 4 4 4 1 0 1 0 3 0 0 3 0 0 0 0 0 0 1
 1 4 4 4 4 0 1 1 0 0 3 1 0 1 0 3 1 3 0 1
 1 4 4 4 1 0 0 0 3 0 0 0 3 1 0 0 3 0 0 1
 1 4 4 1 1 1 1 0 0 1 0 3 0 0 0 3 3 0 0 1
 1 0 0 0 0 0 0 1 1 1 1 0 1 1 1 1 0 1 1 1
 1 0 0 0 0 0 0 0 0 1 0 0 0 1 0 0 0 0 0 1
 1 0 1 1 0 0 0 1 0 0 0 3 0 1 0 3 0 3 0 1
 1 0 1 1 0 0 0 0 3 0 1 1 0 3 0 0 3 0 0 1
 1 0 0 0 0 0 2 1 0 0 0 0 0 1 0 0 0 1 0 1
 1 1 1 1 1 1 1 1 1 1 1 1 1 1 1 1 1 1 1 1
 12 20
 1 1 1 1 1 1 1 1 1 1 1 1 1 1 1 1 1 1 1 1
 1 4 4 4 4 1 1 1 0 0 0 0 0 0 0 0 0 0 0 1
 1 4 4 4 4 1 1 1 1 1 0 1 0 0 1 3 1 0 1 1
 1 4 4 4 4 1 1 1 0 0 0 1 3 0 0 3 0 0 0 1
 1 4 4 4 4 1 1 1 0 0 0 0 3 0 0 1 3 3 1 1
 1 1 0 0 1 1 1 1 0 3 1 0 0 1 3 0 3 0 0 1
 1 1 0 0 1 1 1 1 0 0 3 0 0 3 0 0 1 0 0 1
 1 2 0 0 1 1 1 1 3 1 1 1 3 1 1 0 3 0 0 1
 1 1 0 0 0 0 0 0 0 0 1 0 0 1 0 0 3 0 0 1
 1 1 0 0 0 1 1 1 0 0 1 0 0 3 0 0 1 1 1 1
 1 1 1 1 1 1 1 1 0 0 1 0 0 1 0 0 0 0 0 1
 1 1 1 1 1 1 1 1 1 1 1 1 1 1 1 1 1 1 1 1
 12 20
 1 1 1 1 1 1 1 1 1 1 1 1 1 1 1 1 1 1 1 1
 1 0 0 0 0 0 1 0 0 0 0 0 2 1 4 4 4 1 1 1
 1 0 0 0 0 0 1 0 0 0 0 0 0 1 1 4 4 4 1 1
 1 0 1 0 1 0 1 1 3 1 1 0 1 1 0 4 4 4 4 1
 1 0 0 0 3 0 1 0 0 0 3 3 3 0 0 4 4 4 4 1
 1 1 1 3 1 1 1 0 3 3 0 0 1 1 1 0 1 1 4 1
 1 0 0 0 0 0 3 0 0 1 0 0 0 0 1 0 1 1 1 1
 1 0 0 3 0 0 1 0 0 1 1 1 0 0 1 0 1 0 0 1
 1 1 0 1 3 1 1 0 0 0 0 3 0 0 3 3 0 0 0 1
 1 0 0 0 3 0 1 1 0 0 0 1 0 0 1 0 1 0 0 1
 1 0 0 0 0 0 1 0 0 0 0 1 0 0 1 0 0 0 0 1
 1 1 1 1 1 1 1 1 1 1 1 1 1 1 1 1 1 1 1 1
 12 20
 1 1 1 1 1 1 1 1 1 1 1 1 1 1 1 1 1 1 1 1
 1 0 0 0 0 0 1 0 0 1 4 4 4 1 2 0 0 0 0 1
 1 0 1 0 0 0 0 0 0 0 4 4 4 4 1 0 0 0 0 1
 1 0 0 3 0 0 1 0 0 0 1 4 4 4 4 1 0 0 0 1
 1 0 1 1 3 1 1 1 1 0 1 1 4 4 4 4 1 0 0 1
 1 0 3 0 0 0 3 0 0 1 0 0 1 4 4 4 1 0 0 1
 1 0 3 3 0 1 0 0 0 1 0 0 0 1 0 3 3 0 0 1
 1 1 1 0 0 3 3 3 1 0 0 0 3 3 0 0 3 0 0 1
 1 0 3 0 0 1 0 0 1 0 0 0 0 1 0 3 1 0 0 1
 1 0 0 0 3 1 0 0 1 0 0 0 0 0 0 0 3 0 0 1
 1 0 0 1 0 0 0 0 1 0 0 0 0 1 0 0 1 0 0 1
 1 1 1 1 1 1 1 1 1 1 1 1 1 1 1 1 1 1 1 1
 12 20
 1 1 1 1 1 1 1 1 1 1 1 1 1 1 1 1 1 1 1 1
 1 1 1 1 1 2 1 1 1 4 1 1 4 4 4 1 1 0 0 1
 1 1 1 1 1 3 0 0 4 4 1 4 4 4 1 0 0 0 0 1
 1 1 1 1 0 0 0 0 4 4 4 4 4 4 1 0 0 3 0 1
 1 1 1 0 0 3 0 1 4 4 4 4 4 1 1 0 1 0 1 1
 1 1 0 0 3 3 1 0 1 1 1 1 1 0 0 3 0 3 0 1
 1 1 0 3 1 0 3 0 0 0 0 1 1 0 0 3 3 0 0 1
 1 1 0 0 1 0 0 1 0 0 0 0 1 0 3 0 0 3 0 1
 1 1 0 0 0 3 3 0 1 1 1 0 1 3 1 1 0 0 0 1
 1 1 0 3 1 0 0 0 0 0 0 3 0 3 0 0 3 0 1 1
 1 1 1 0 0 0 0 1 0 0 0 0 1 0 0 0 0 1 1 1
 1 1 1 1 1 1 1 1 1 1 1 1 1 1 1 1 1 1 1 1
 12 20
 1 1 1 1 1 1 1 1 1 1 1 1 1 1 1 1 1 1 1 1
 1 2 0 0 0 0 0 1 0 0 0 1 0 0 0 0 0 0 0 1
 1 1 0 1 1 1 0 1 1 0 0 1 1 1 1 0 1 0 1 1
 1 0 0 0 0 1 0 1 0 0 3 3 0 0 0 0 0 0 0 1
 1 0 0 1 0 1 0 1 0 3 0 1 0 3 0 1 1 0 1 1
 1 0 0 0 0 0 3 0 1 0 0 1 3 3 0 1 0 0 0 1
 1 0 0 1 1 1 0 0 1 0 0 0 0 0 0 1 1 0 1 1
 1 4 4 1 4 1 0 3 0 1 0 0 3 0 1 0 0 0 0 1
 1 4 4 1 4 1 0 0 3 0 1 0 1 1 0 3 3 0 0 1
 1 4 4 4 4 1 1 0 0 0 3 3 0 0 3 0 0 1 0 1
 1 4 4 4 4 4 1 1 0 0 0 0 0 0 0 0 1 0 0 1
 1 1 1 1 1 1 1 1 1 1 1 1 1 1 1 1 1 1 1 1
 12 20
 1 1 1 1 1 1 1 1 1 1 1 1 1 1 1 1 1 1 1 1
 1 0 0 1 0 0 0 0 0 0 1 0 0 0 1 0 0 0 1 1
 1 0 3 1 0 3 0 3 0 1 1 4 4 4 3 0 0 3 0 1
 1 0 0 3 0 0 1 0 1 1 4 4 4 4 1 0 3 0 0 1
 1 0 1 1 0 3 0 1 1 4 4 4 4 1 0 0 0 3 0 1
 1 0 3 0 0 0 0 1 4 4 4 4 1 1 0 3 0 0 0 1
 1 0 3 1 1 0 0 1 4 4 4 1 0 0 0 0 0 0 0 1
 1 0 0 0 3 3 3 1 1 3 1 1 0 0 1 1 1 0 1 1
 1 0 1 0 1 0 0 1 0 0 0 1 0 0 1 0 0 0 0 1
 1 0 3 0 1 0 0 3 0 0 1 1 0 0 0 0 0 0 0 1
 1 0 0 0 0 1 0 0 0 0 1 2 0 0 0 0 0 0 0 1
 1 1 1 1 1 1 1 1 1 1 1 1 1 1 1 1 1 1 1 1
 12 20
 1 1 1 1 1 1 1 1 1 1 1 1 1 1 1 1 1 1 1 1
 1 0 0 1 0 0 1 0 1 0 0 0 0 1 0 0 1 0 0 1
 1 0 0 0 3 0 0 0 0 0 0 3 0 3 0 0 0 0 0 1
 1 1 0 1 0 0 1 3 1 1 1 3 1 1 0 0 1 1 0 1
 1 0 0 0 3 0 0 0 0 0 3 0 0 1 0 0 3 0 0 1
 1 0 1 1 1 3 1 1 3 1 0 0 0 1 0 3 0 0 0 1
 1 0 1 0 0 0 3 0 3 0 0 1 1 1 1 1 1 0 3 1
 1 0 3 0 0 3 3 0 3 0 0 1 2 1 4 1 4 4 4 1
 1 0 1 0 0 0 0 0 1 0 0 1 0 1 4 1 4 4 4 1
 1 0 1 1 1 1 1 1 1 1 1 1 0 1 4 4 4 4 4 1
 1 0 0 0 0 0 0 0 0 0 0 0 0 1 4 4 4 4 4 1
 1 1 1 1 1 1 1 1 1 1 1 1 1 1 1 1 1 1 1 1
 12 20
 1 1 1 1 1 1 1 1 1 1 1 1 1 1 1 1 1 1 1 1
 1 0 0 0 0 0 0 0 0 1 0 0 0 1 2 0 1 0 0 1
 1 0 3 3 0 0 1 3 3 1 0 1 0 1 0 0 1 1 0 1
 1 0 0 1 0 3 0 3 0 1 3 3 0 1 0 0 0 0 0 1
 1 1 0 1 0 0 1 0 0 1 0 1 0 1 0 0 1 0 0 1
 1 0 0 0 1 1 0 0 0 0 0 0 0 1 0 0 0 0 0 1
 1 0 0 0 1 0 3 0 1 0 0 0 1 0 0 0 1 0 0 1
 1 0 3 0 1 3 0 1 0 0 0 1 0 0 3 0 1 4 4 1
 1 1 3 0 1 0 0 1 1 1 1 0 0 0 0 1 4 4 4 1
 1 0 0 3 0 0 0 0 0 0 0 0 0 0 1 4 4 4 4 1
 1 0 0 0 1 0 0 1 0 0 0 0 0 1 4 4 4 4 4 1
 1 1 1 1 1 1 1 1 1 1 1 1 1 1 1 1 1 1 1 1
 12 20
 1 1 1 1 1 1 1 1 1 1 1 1 1 1 1 1 1 1 1 1
 1 0 0 0 0 0 1 0 0 0 1 1 1 1 1 0 0 0 0 1
 1 1 0 3 0 0 1 0 0 0 1 1 1 1 0 0 3 0 0 1
 1 1 1 1 0 3 3 0 0 0 1 4 4 1 0 0 1 0 0 1
 1 0 0 3 0 0 3 0 0 1 1 4 4 1 1 1 1 0 1 1
 1 0 3 0 0 0 1 1 1 4 4 4 4 0 0 0 3 3 0 1
 1 0 0 1 3 1 0 0 0 4 4 4 4 1 0 1 0 3 0 1
 1 0 1 0 0 1 0 3 0 4 4 1 1 1 3 1 0 0 0 1
 1 0 1 0 0 0 3 0 1 4 4 1 0 0 0 1 1 0 0 1
 1 0 0 0 3 1 0 0 1 1 1 1 0 0 0 1 0 3 1 1
 1 0 1 0 0 1 0 0 0 0 2 1 0 0 0 0 0 0 1 1
 1 1 1 1 1 1 1 1 1 1 1 1 1 1 1 1 1 1 1 1
 12 20
 1 1 1 1 1 1 1 1 1 1 1 1 1 1 1 1 1 1 1 1
 1 0 0 0 1 0 0 0 1 0 0 0 0 1 0 0 0 1 2 1
 1 0 0 0 3 0 0 3 0 0 0 0 0 1 0 3 0 1 0 1
 1 1 3 1 0 3 1 1 1 0 1 0 0 0 0 3 3 1 0 1
 1 0 0 1 0 0 1 4 1 1 1 0 0 1 3 0 3 0 0 1
 1 0 0 1 3 1 4 4 4 4 1 0 0 1 0 1 1 1 0 1
 1 0 3 0 0 1 4 4 4 4 4 1 1 0 0 0 0 1 0 1
 1 1 3 0 0 1 4 1 4 4 4 4 1 3 3 0 3 0 0 1
 1 0 0 1 1 1 1 1 1 4 4 1 1 0 1 0 0 1 0 1
 1 0 0 3 0 0 0 0 0 0 0 0 0 3 0 1 1 1 0 1
 1 0 0 0 1 0 0 0 1 0 0 0 0 0 0 0 0 1 0 1
 1 1 1 1 1 1 1 1 1 1 1 1 1 1 1 1 1 1 1 1
 12 20
 1 1 1 1 1 1 1 1 1 1 1 1 1 1 1 1 1 1 1 1
 1 0 1 0 1 0 1 0 0 0 1 2 1 1 0 0 0 1 0 1
 1 0 0 0 0 0 0 0 0 0 0 0 0 0 3 0 0 0 0 1
 1 0 0 1 1 3 1 0 1 1 1 1 1 0 3 0 1 0 1 1
 1 1 0 0 0 0 1 1 4 4 4 4 4 1 0 0 1 0 0 1
 1 1 3 1 1 3 1 4 4 4 4 4 1 1 1 3 1 3 0 1
 1 0 0 0 1 0 1 1 4 4 4 4 4 1 0 0 1 0 1 1
 1 0 0 3 0 0 0 0 1 1 4 4 1 1 0 0 1 0 0 1
 1 0 3 0 1 0 0 0 3 0 0 0 3 0 0 3 3 3 0 1
 1 1 0 3 0 0 3 1 0 1 0 0 1 0 0 3 0 0 0 1
 1 0 0 0 1 1 0 0 0 1 0 0 1 0 0 0 0 0 0 1
 1 1 1 1 1 1 1 1 1 1 1 1 1 1 1 1 1 1 1 1
 15 20
 1 1 1 1 1 1 1 1 1 1 1 1 1 1 1 1 1 1 1 1
 1 0 0 0 0 1 1 0 0 0 1 0 0 0 0 1 0 0 0 1
 1 0 0 3 0 0 3 0 0 0 0 0 1 1 0 3 0 0 0 1
 1 1 0 1 1 1 1 1 0 0 4 1 1 1 1 1 1 0 1 1
 0 1 0 1 1 0 0 1 1 4 4 4 4 1 1 1 1 0 1 1
 1 1 0 1 1 3 0 1 1 1 4 4 1 1 0 0 0 0 0 1
 1 0 0 0 0 0 0 1 4 4 4 0 4 1 0 3 0 3 0 1
 1 0 3 0 1 1 0 1 1 0 4 0 1 1 1 0 1 1 1 1
 1 0 1 0 3 0 0 0 0 1 4 1 1 0 1 0 1 0 0 0
 1 0 3 0 3 0 1 0 0 0 4 1 1 1 1 0 1 1 0 0
 1 0 1 0 0 1 1 0 1 0 1 1 0 0 1 0 0 1 1 0
 1 1 1 1 1 1 1 0 0 3 1 1 3 0 0 0 3 0 1 0
 0 0 0 0 0 0 1 1 0 0 0 0 0 0 3 0 1 2 1 0
 0 0 0 0 0 0 0 1 0 0 1 1 0 1 1 1 1 1 1 0
 0 0 0 0 0 0 0 1 1 1 1 1 1 1 0 0 0 0 0 0
 12 19
 0 0 0 0 0 0 0 1 1 1 1 1 1 1 1 1 1 1 0
 0 0 0 0 0 0 0 1 0 0 0 0 0 0 0 0 0 1 0
 0 0 0 0 0 0 0 1 0 0 0 0 3 0 3 0 0 1 0
 1 1 1 1 1 1 0 1 0 3 0 1 1 1 1 1 0 1 0
 1 0 0 0 0 1 1 1 1 1 0 3 0 0 1 1 3 1 0
 1 0 0 0 0 0 0 0 3 0 3 0 0 0 0 0 0 1 0
 1 0 0 0 0 0 0 0 0 0 0 1 1 0 1 1 0 1 0
 1 0 0 0 0 1 1 2 1 1 1 1 1 0 1 1 0 1 0
 1 0 0 0 0 1 1 1 1 0 0 0 1 0 1 1 0 1 1
 1 4 4 4 4 1 0 0 0 0 0 0 1 0 3 0 0 0 1
 1 4 4 4 4 1 0 0 0 0 0 0 1 0 0 0 0 0 1
 1 1 1 1 1 1 0 0 0 0 0 0 1 1 1 1 1 1 1
 12 19
 1 1 1 1 1 1 1 1 1 1 1 1 1 0 0 0 0 0 0
 1 0 0 0 0 0 0 0 0 0 0 0 1 0 0 0 0 0 0
 1 0 1 1 1 0 3 3 0 0 0 0 1 0 0 0 0 0 0
 1 0 0 0 1 0 3 0 0 3 0 0 1 0 0 0 0 0 0
 1 0 0 3 1 1 1 1 3 1 1 1 1 1 1 0 0 0 0
 1 0 3 0 1 1 0 0 0 0 0 0 0 0 1 1 1 1 1
 1 0 0 3 3 0 3 0 0 0 0 0 0 0 0 4 4 4 1
 1 1 1 0 1 1 0 3 3 1 0 0 0 0 0 4 4 4 1
 0 0 1 0 1 1 0 0 0 1 0 0 0 0 0 4 4 4 1
 0 0 1 0 0 0 0 0 0 1 0 0 0 0 0 4 4 4 1
 0 0 1 1 1 2 1 1 1 1 1 1 1 1 1 1 1 1 1
 0 0 0 0 1 1 1 0 0 0 0 0 0 0 0 0 0 0 0
 13 19
 0 0 1 1 1 1 1 1 1 1 1 1 1 1 1 1 1 1 1
 1 1 1 2 1 1 0 0 0 0 0 0 0 0 0 4 4 4 1
 1 0 0 0 0 1 0 0 0 0 0 0 0 0 0 4 4 4 1
 1 0 3 0 0 1 0 0 0 0 0 0 0 0 0 4 4 4 1
 1 0 3 3 0 1 0 0 0 0 0 0 0 0 0 4 4 4 1
 1 1 0 3 0 1 1 1 3 1 1 1 1 1 1 1 1 1 1
 0 1 0 1 1 1 0 0 3 0 1 0 0 0 0 0 0 0 0
 1 1 0 0 0 3 0 0 3 0 1 0 0 0 0 0 0 0 0
 1 0 0 3 0 1 0 0 3 0 1 0 0 0 0 0 0 0 0
 1 0 3 0 0 1 0 0 0 0 1 0 0 0 0 0 0 0 0
 1 0 0 3 0 1 0 0 0 0 1 0 0 0 0 0 0 0 0
 1 0 0 0 0 1 0 0 0 0 1 0 0 0 0 0 0 0 0
 1 1 1 1 1 1 1 1 1 1 1 0 0 0 0 0 0 0 0
 13 19
 0 0 0 0 0 0 0 0 0 0 0 0 0 0 1 1 1 1 1
 0 0 0 0 0 1 1 1 1 1 1 1 1 1 1 0 0 0 1
 0 0 0 0 0 1 0 0 0 0 0 0 0 0 1 0 0 0 1
 0 0 0 0 0 1 0 0 3 0 3 0 0 0 0 3 3 0 1
 0 0 0 0 0 1 0 1 1 1 1 1 0 1 1 0 3 0 1
 0 0 0 0 0 1 3 3 0 0 0 1 3 1 1 0 3 0 1
 0 0 0 0 0 1 0 1 1 1 0 1 0 1 1 3 0 0 1
 1 1 1 1 1 1 0 1 1 1 0 3 0 3 0 0 0 0 1
 1 4 4 4 4 0 0 0 0 0 0 0 0 1 1 0 0 0 1
 1 4 4 4 4 0 0 0 0 0 0 0 0 1 1 1 1 1 1
 1 4 4 4 4 0 0 0 0 0 0 0 0 1 0 0 0 0 0
 1 1 1 1 1 1 1 1 1 1 1 2 1 1 0 0 0 0 0
 0 0 0 0 0 0 0 0 0 0 1 1 1 0 0 0 0 0 0
 13 17
 0 0 0 0 1 1 1 1 1 1 0 0 0 0 0 0 0
 0 1 1 1 1 0 0 0 0 1 0 0 0 0 0 0 0
 0 1 0 0 0 0 1 1 0 1 0 0 0 0 0 0 0
 0 1 0 3 0 0 0 0 0 1 0 0 0 0 0 0 0
 1 1 1 0 1 1 1 1 0 1 1 1 1 1 1 1 1
 1 0 0 3 0 0 0 3 0 1 1 0 0 4 4 4 1
 1 0 0 0 3 3 0 3 3 0 0 0 0 4 4 4 1
 1 0 0 0 0 3 0 0 3 1 1 0 0 4 4 4 1
 1 1 2 1 1 0 1 1 0 1 1 0 0 4 4 4 1
 0 1 1 1 0 0 3 0 0 1 1 1 1 1 1 1 1
 0 1 0 0 0 3 3 0 0 1 0 0 0 0 0 0 0
 0 1 0 0 0 0 1 0 0 1 0 0 0 0 0 0 0
 0 1 1 1 1 1 1 1 1 1 0 0 0 0 0 0 0
 13 17
 1 1 1 1 1 1 1 0 1 1 1 1 1 1 1 1 1
 1 0 0 0 0 0 1 0 1 0 0 0 1 1 0 0 1
 1 0 1 1 1 0 1 0 1 0 0 0 3 0 0 0 1
 1 0 1 0 3 0 1 1 1 0 0 0 3 0 0 0 1
 1 0 0 0 3 3 0 0 0 0 0 0 1 1 3 0 1
 1 0 0 0 0 1 1 1 1 0 0 0 1 1 0 0 1
 1 2 1 1 1 1 1 1 1 1 1 1 1 1 0 1 1
 1 1 1 4 4 0 0 0 0 1 1 1 1 1 3 0 1
 0 0 1 4 4 0 0 0 0 1 1 1 1 0 0 0 1
 0 0 1 4 4 0 0 0 0 0 0 0 3 3 0 0 1
 0 0 1 4 4 0 0 0 0 1 1 1 1 0 3 0 1
 0 0 1 4 4 0 0 0 0 1 0 0 1 0 0 0 1
 0 0 1 1 1 1 1 1 1 1 0 0 1 1 1 1 1
 12 16
 1 1 1 1 1 1 0 0 0 0 0 0 0 0 0 0 
 1 0 0 0 0 0 1 1 1 1 1 1 1 1 1 1
 1 0 0 0 0 0 1 0 0 0 0 1 0 0 1 1
 1 0 3 0 0 0 1 0 0 0 3 0 3 0 0 1
 1 0 0 3 0 0 1 0 0 3 0 1 1 0 0 1
 1 0 3 3 0 0 1 1 3 0 3 0 0 0 0 1
 1 1 0 1 0 0 1 1 0 1 1 1 1 1 1 1
 1 1 0 1 0 0 1 1 0 0 0 0 4 4 4 1
 1 0 0 1 3 0 0 0 0 0 0 0 4 4 4 1
 1 0 0 0 3 3 0 0 0 0 0 0 4 4 4 1
 1 0 0 0 0 0 1 1 2 1 0 0 4 4 4 1
 1 1 1 1 1 1 1 1 1 1 1 1 1 1 1 1
 16 20
 1 1 1 1 1 1 1 1 1 1 1 1 0 0 0 0 0 0 0 0
 1 0 0 0 0 0 0 1 0 0 0 1 1 0 0 0 0 0 0 0
 1 0 3 0 0 3 0 0 0 1 0 0 1 1 1 1 1 1 0 0
 1 1 1 1 0 0 1 1 1 1 1 0 0 0 0 0 0 1 0 0
 0 1 4 4 0 0 1 0 0 0 0 0 1 1 1 1 0 1 0 0
 0 1 4 1 1 1 1 0 0 1 1 1 1 0 0 0 0 1 0 0
 0 1 4 4 4 4 0 0 0 0 1 0 0 3 0 1 1 1 1 0
 0 1 0 4 4 4 1 0 0 0 1 0 3 3 3 1 0 0 1 1
 1 1 1 4 1 1 1 1 0 1 1 0 0 3 2 3 0 0 0 1
 1 0 0 0 0 0 1 1 1 1 1 0 3 0 1 0 0 0 0 1
 1 0 1 4 1 0 3 0 0 0 0 0 0 3 1 1 1 3 0 1
 1 0 1 4 1 1 1 1 1 1 1 1 0 0 1 0 0 3 0 1
 1 0 1 4 4 0 0 0 0 0 0 0 0 1 1 0 0 3 0 1
 1 0 1 0 1 1 1 1 1 1 1 0 3 0 1 0 1 0 0 1
 1 0 0 0 1 0 0 0 0 0 1 0 0 0 0 0 0 0 1 1
 1 1 1 1 1 0 0 0 0 0 1 1 1 1 1 1 1 1 1 1
 10 17
 1 1 1 1 1 1 1 1 1 1 1 1 1 1 1 1 0
 1 0 0 0 0 0 0 0 1 2 0 1 0 0 0 1 0
 1 0 1 0 1 0 1 0 1 0 3 0 0 3 3 1 0
 1 0 1 4 4 4 1 0 1 3 3 3 0 0 0 1 0
 1 0 0 4 4 4 1 0 1 0 3 0 0 3 3 1 1 
 1 0 1 1 4 1 1 0 1 0 1 1 0 0 0 0 1
 1 0 1 4 4 4 0 0 0 0 0 3 0 0 0 0 1
 1 0 1 1 0 1 1 1 0 0 1 1 1 1 1 1 1
 1 0 0 0 0 1 0 1 1 1 1 0 0 0 0 0 0
 1 1 1 1 1 1 0 0 0 0 0 0 0 0 0 0 0 
 14 16
 0 0 0 0 1 1 1 1 1 0 0 0 0 0 0 0
 0 1 1 1 1 0 0 0 1 1 0 1 1 1 1 1
 0 1 0 0 3 0 0 0 0 1 1 1 0 0 0 1
 0 1 0 3 2 3 0 3 0 0 0 0 3 0 0 1
 0 1 0 1 3 1 1 1 1 1 1 1 1 0 1 1
 0 1 0 1 0 0 3 0 0 1 0 0 0 0 0 1
 0 1 0 1 0 3 0 3 0 1 0 1 0 0 0 1
 1 1 0 1 0 0 3 1 0 1 0 1 1 1 1 1
 1 0 0 1 1 0 0 0 0 1 0 0 0 0 0 1
 1 0 0 0 0 3 0 1 0 1 1 1 0 0 0 1
 1 1 1 1 1 0 1 1 0 0 1 4 4 4 4 1
 1 0 0 0 0 3 0 0 0 0 0 4 4 4 4 1
 1 0 0 0 0 0 0 0 0 0 1 4 4 4 4 1
 1 1 1 1 1 1 1 1 1 1 1 1 1 1 1 1
 16 17
 1 1 1 1 1 1 1 1 1 1 1 1 1 0 0 0 0
 1 4 4 4 4 4 4 4 4 1 1 1 1 0 0 0 0
 1 4 4 4 1 1 1 1 0 1 0 0 1 1 1 1 1
 1 4 4 4 1 0 0 1 1 1 0 0 0 0 3 0 1
 1 4 4 4 3 3 0 0 0 0 0 3 0 3 0 0 1
 1 0 0 4 1 0 0 3 0 3 1 0 3 0 0 1 1
 1 4 4 4 1 0 1 3 1 0 0 0 3 0 0 1 0
 1 4 1 0 1 0 3 0 0 0 3 0 0 0 0 1 0
 1 4 0 0 1 3 1 1 1 3 1 1 1 1 3 1 0
 1 1 0 0 1 0 0 0 3 0 3 0 0 0 0 1 0
 0 1 0 0 1 0 0 3 2 3 0 0 1 0 0 1 0
 0 1 0 0 1 0 1 1 1 1 0 3 0 0 3 1 0
 0 1 0 0 1 0 0 0 0 1 1 1 0 0 0 1 0
 0 1 0 0 1 0 3 3 0 1 0 1 1 1 1 1 0
 0 1 0 0 1 0 0 0 0 1 0 0 0 0 0 0 0
 0 1 1 1 1 1 1 1 1 1 0 0 0 0 0 0 0


